

**--*-*-*-*-*-*-*-*-*-*-*
 agree_rate: 0.9666666666666667
precision: 0.9791666666666666
recall: 0.9153439153439153
fp_rate: 0.022222222222222223
mse: 0.03333333333333333
f1_measure: 0.9439984430496763

**SETOSA: --*-*-*-*-*-*-*-*-*-*-*
 agree_rate: 0.9666666666666667
precision: 1.0
recall: 0.8571428571428571
fp_rate: 0.0
mse: 0
f1_measure: 0.967741935483871

**VIRGINICA: --*-*-*-*-*-*-*-*-*-*-*
 agree_rate: 0.9666666666666667
precision: 0.9375
recall: 1.0
fp_rate: 0.06666666666666667
mse: 1
f1_measure: 0.967741935483871

**VERSICOLOR: --*-*-*-*-*-*-*-*-*-*-*
 agree_rate: 0.9666666666666667
precision: 1.0
recall: 0.8888888888888888
fp_rate: 0.0
mse: 0
f1_measure: 0.9411764705882353