

**--*-*-*-*-*-*-*-*-*-*-*
 agree_rate: 0.9333333333333332
precision: 0.9419191919191919
recall: 0.8678451178451178
fp_rate: 0.05808080808080809
mse: 0.06666666666666667
f1_measure: 0.9002525252525252

**SETOSA: --*-*-*-*-*-*-*-*-*-*-*
 agree_rate: 0.9333333333333333
precision: 1.0
recall: 0.7777777777777778
fp_rate: 0.0
mse: 0
f1_measure: 0.9166666666666666

**VIRGINICA: --*-*-*-*-*-*-*-*-*-*-*
 agree_rate: 0.9333333333333333
precision: 0.9166666666666666
recall: 0.9166666666666666
fp_rate: 0.08333333333333333
mse: 1
f1_measure: 0.9166666666666666

**VERSICOLOR: --*-*-*-*-*-*-*-*-*-*-*
 agree_rate: 0.9333333333333333
precision: 0.9090909090909091
recall: 0.9090909090909091
fp_rate: 0.09090909090909091
mse: 1
f1_measure: 0.9090909090909091