

**--*-*-*-*-*-*-*-*-*-*-*
 agree_rate: 0.9666666666666667
precision: 0.9629629629629629
recall: 0.9391534391534391
fp_rate: 0.041666666666666664
mse: 0.03333333333333333
f1_measure: 0.9484386347131446

**SETOSA: --*-*-*-*-*-*-*-*-*-*-*
 agree_rate: 0.9666666666666667
precision: 1.0
recall: 0.8888888888888888
fp_rate: 0.0
mse: 0
f1_measure: 0.9411764705882353

**VIRGINICA: --*-*-*-*-*-*-*-*-*-*-*
 agree_rate: 0.9666666666666667
precision: 0.8888888888888888
recall: 1.0
fp_rate: 0.125
mse: 1
f1_measure: 0.9411764705882353

**VERSICOLOR: --*-*-*-*-*-*-*-*-*-*-*
 agree_rate: 0.9666666666666667
precision: 1.0
recall: 0.9285714285714286
fp_rate: 0.0
mse: 0
f1_measure: 0.962962962962963