

**--*-*-*-*-*-*-*-*-*-*-*
 agree_rate: 0.9333333333333332
precision: 0.9421296296296297
recall: 0.8468915343915344
fp_rate: 0.05787037037037037
mse: 0.06666666666666667
f1_measure: 0.8865740740740741

**SETOSA: --*-*-*-*-*-*-*-*-*-*-*
 agree_rate: 0.9333333333333333
precision: 0.9375
recall: 0.9375
fp_rate: 0.0625
mse: 1
f1_measure: 0.8888888888888888

**VIRGINICA: --*-*-*-*-*-*-*-*-*-*-*
 agree_rate: 0.9333333333333333
precision: 0.8888888888888888
recall: 0.8888888888888888
fp_rate: 0.1111111111111111
mse: 1
f1_measure: 0.8888888888888888

**VERSICOLOR: --*-*-*-*-*-*-*-*-*-*-*
 agree_rate: 0.9333333333333333
precision: 1.0
recall: 0.7142857142857143
fp_rate: 0.0
mse: 0
f1_measure: 0.8333333333333333