

**--*-*-*-*-*-*-*-*-*-*-*
 agree_rate: 0.9333333333333332
precision: 0.9583333333333334
recall: 0.85
fp_rate: 0.047619047619047616
mse: 0.06666666666666667
f1_measure: 0.8931216931216932

**SETOSA: --*-*-*-*-*-*-*-*-*-*-*
 agree_rate: 0.9333333333333333
precision: 1.0
recall: 0.8
fp_rate: 0.0
mse: 0
f1_measure: 0.8571428571428571

**VIRGINICA: --*-*-*-*-*-*-*-*-*-*-*
 agree_rate: 0.9333333333333333
precision: 1.0
recall: 0.75
fp_rate: 0.0
mse: 0
f1_measure: 0.8571428571428571

**VERSICOLOR: --*-*-*-*-*-*-*-*-*-*-*
 agree_rate: 0.9333333333333333
precision: 0.875
recall: 1.0
fp_rate: 0.14285714285714285
mse: 2
f1_measure: 0.9333333333333333