

**--*-*-*-*-*-*-*-*-*-*-*
 agree_rate: 0.7333333333333333
precision: 0.8065476190476191
recall: 0.6094017094017095
fp_rate: 0.25897435897435894
mse: 0.26666666666666666
f1_measure: 0.6428904428904428

**SETOSA: --*-*-*-*-*-*-*-*-*-*-*
 agree_rate: 0.7333333333333333
precision: 0.8571428571428571
recall: 0.46153846153846156
fp_rate: 0.07692307692307693
mse: 1
f1_measure: 0.6363636363636364

**VIRGINICA: --*-*-*-*-*-*-*-*-*-*-*
 agree_rate: 0.7333333333333333
precision: 1.0
recall: 0.4666666666666667
fp_rate: 0.0
mse: 0
f1_measure: 0.6363636363636364

**VERSICOLOR: --*-*-*-*-*-*-*-*-*-*-*
 agree_rate: 0.7333333333333333
precision: 0.5625
recall: 0.9
fp_rate: 0.7
mse: 7
f1_measure: 0.6923076923076923