

**--*-*-*-*-*-*-*-*-*-*-*
 agree_rate: 0.6999999999999998
precision: 0.7532051282051282
recall: 0.6
fp_rate: 0.4666666666666666
mse: 0.8
f1_measure: 0.6005593694380879

**SETOSA: --*-*-*-*-*-*-*-*-*-*-*
 agree_rate: 0.7
precision: 0.38461538461538464
recall: 0.8333333333333334
fp_rate: 1.3333333333333333
mse: 23
f1_measure: 0.608695652173913

**VIRGINICA: --*-*-*-*-*-*-*-*-*-*-*
 agree_rate: 0.7
precision: 0.875
recall: 0.4666666666666667
fp_rate: 0.06666666666666667
mse: 1
f1_measure: 0.608695652173913

**VERSICOLOR: --*-*-*-*-*-*-*-*-*-*-*
 agree_rate: 0.7
precision: 1.0
recall: 0.5
fp_rate: 0.0
mse: 0
f1_measure: 0.6666666666666666