

**--*-*-*-*-*-*-*-*-*-*-*
 agree_rate: 0.9666666666666667
precision: 0.9722222222222222
recall: 0.9333333333333332
fp_rate: 0.030303030303030304
mse: 0.03333333333333333
f1_measure: 0.9504195270785661

**SETOSA: --*-*-*-*-*-*-*-*-*-*-*
 agree_rate: 0.9666666666666667
precision: 1.0
recall: 0.9
fp_rate: 0.0
mse: 0
f1_measure: 0.9565217391304348

**VIRGINICA: --*-*-*-*-*-*-*-*-*-*-*
 agree_rate: 0.9666666666666667
precision: 0.9166666666666666
recall: 1.0
fp_rate: 0.09090909090909091
mse: 1
f1_measure: 0.9565217391304348

**VERSICOLOR: --*-*-*-*-*-*-*-*-*-*-*
 agree_rate: 0.9666666666666667
precision: 1.0
recall: 0.9
fp_rate: 0.0
mse: 0
f1_measure: 0.9473684210526316