

**--*-*-*-*-*-*-*-*-*-*-*
 agree_rate: 0.7333333333333333
precision: 0.3333333333333333
recall: 0.24444444444444444
fp_rate: 2.6666666666666665
mse: 1.0666666666666667
f1_measure: 0.282051282051282

**SETOSA: --*-*-*-*-*-*-*-*-*-*-*
 agree_rate: 0.7333333333333333
precision: 0.0
recall: 0.0
fp_rate: 0.0
mse: 0
f1_measure: 0.0

**VIRGINICA: --*-*-*-*-*-*-*-*-*-*-*
 agree_rate: 0.7333333333333333
precision: 0.0
recall: 0.0
fp_rate: 8.0
mse: 32
f1_measure: 0.0

**VERSICOLOR: --*-*-*-*-*-*-*-*-*-*-*
 agree_rate: 0.7333333333333333
precision: 1.0
recall: 0.7333333333333333
fp_rate: 0.0
mse: 0
f1_measure: 0.846153846153846