

**--*-*-*-*-*-*-*-*-*-*-*
 agree_rate: 0.8666666666666667
precision: 0.8787878787878788
recall: 0.7954545454545454
fp_rate: 0.19047619047619047
mse: 0.13333333333333333
f1_measure: 0.8042328042328042

**SETOSA: --*-*-*-*-*-*-*-*-*-*-*
 agree_rate: 0.8666666666666667
precision: 1.0
recall: 0.6363636363636364
fp_rate: 0.0
mse: 0
f1_measure: 0.8571428571428571

**VIRGINICA: --*-*-*-*-*-*-*-*-*-*-*
 agree_rate: 0.8666666666666667
precision: 1.0
recall: 0.75
fp_rate: 0.0
mse: 0
f1_measure: 0.8571428571428571

**VERSICOLOR: --*-*-*-*-*-*-*-*-*-*-*
 agree_rate: 0.8666666666666667
precision: 0.6363636363636364
recall: 1.0
fp_rate: 0.5714285714285714
mse: 4
f1_measure: 0.7777777777777778