

**--*-*-*-*-*-*-*-*-*-*-*
 agree_rate: 0.9333333333333332
precision: 0.3333333333333333
recall: 0.3111111111111111
fp_rate: 0.6666666666666666
mse: 0.26666666666666666
f1_measure: 0.3218390804597701

**SETOSA: --*-*-*-*-*-*-*-*-*-*-*
 agree_rate: 0.9333333333333333
precision: 0.0
recall: 0.0
fp_rate: 0.0
mse: 0
f1_measure: 0.0

**VIRGINICA: --*-*-*-*-*-*-*-*-*-*-*
 agree_rate: 0.9333333333333333
precision: 0.0
recall: 0.0
fp_rate: 2.0
mse: 8
f1_measure: 0.0

**VERSICOLOR: --*-*-*-*-*-*-*-*-*-*-*
 agree_rate: 0.9333333333333333
precision: 1.0
recall: 0.9333333333333333
fp_rate: 0.0
mse: 0
f1_measure: 0.9655172413793104