

**--*-*-*-*-*-*-*-*-*-*-*
 agree_rate: 0.8666666666666667
precision: 0.8630952380952381
recall: 0.7418831168831169
fp_rate: 0.1369047619047619
mse: 0.13333333333333333
f1_measure: 0.7890211640211641

**SETOSA: --*-*-*-*-*-*-*-*-*-*-*
 agree_rate: 0.8666666666666667
precision: 1.0
recall: 0.6363636363636364
fp_rate: 0.0
mse: 0
f1_measure: 0.875

**VIRGINICA: --*-*-*-*-*-*-*-*-*-*-*
 agree_rate: 0.8666666666666667
precision: 0.875
recall: 0.875
fp_rate: 0.125
mse: 2
f1_measure: 0.875

**VERSICOLOR: --*-*-*-*-*-*-*-*-*-*-*
 agree_rate: 0.8666666666666667
precision: 0.7142857142857143
recall: 0.7142857142857143
fp_rate: 0.2857142857142857
mse: 2
f1_measure: 0.7142857142857143