

**--*-*-*-*-*-*-*-*-*-*-*
 agree_rate: 0.6
precision: 0.7486772486772487
recall: 0.5073529411764707
fp_rate: 0.47794117647058826
mse: 0.9
f1_measure: 0.4976689976689977

**SETOSA: --*-*-*-*-*-*-*-*-*-*-*
 agree_rate: 0.6
precision: 0.3888888888888889
recall: 0.875
fp_rate: 1.375
mse: 26
f1_measure: 0.5

**VIRGINICA: --*-*-*-*-*-*-*-*-*-*-*
 agree_rate: 0.6
precision: 0.8571428571428571
recall: 0.35294117647058826
fp_rate: 0.058823529411764705
mse: 1
f1_measure: 0.5

**VERSICOLOR: --*-*-*-*-*-*-*-*-*-*-*
 agree_rate: 0.6
precision: 1.0
recall: 0.29411764705882354
fp_rate: 0.0
mse: 0
f1_measure: 0.45454545454545453